0 (0.7846875000000001, 1.7846875) rme
1 (1.7846875, 2.7846875) rme&c
2 (2.7846875, 2.9446875000000006) rme
3 (3.653437500000001, 4.653437500000001) rme
4 (4.653437500000001, 5.653437500000001) rme
5 (5.653437500000001, 6.653437500000001) rms
6 (6.653437500000001, 7.653437500000001) rms
7 (7.653437500000001, 8.6534375) rms
8 (8.6534375, 9.6534375) rms
9 (9.6534375, 10.6534375) rms
10 (10.6534375, 11.6534375) rms
11 (11.6534375, 12.6534375) rms&c
12 (12.6534375, 13.6534375) rms
13 (13.6534375, 14.2340625) rms
14 (15.7190625, 16.7190625) rfs
15 (16.7190625, 17.7190625) rfs
16 (17.7190625, 18.7190625) rfs
17 (18.7190625, 19.7190625) rfs
18 (19.7190625, 20.7190625) rfs
19 (20.7190625, 20.7309375) -
20 (21.0684375, 21.5578125) rme
21 (22.2496875, 23.2496875) rme
22 (23.2496875, 23.9709375) rme
23 (24.2409375, 24.8146875) rme
24 (26.2996875, 26.9409375) rfs
25 (27.2615625, 28.2615625) rfs
26 (28.2615625, 29.2615625) rfs
27 (29.2615625, 29.8434375) rfs
28 (30.180937500000002, 30.6703125) rme
29 (31.3284375, 32.3284375) rme
30 (32.3284375, 33.150937500000005) rme
31 (35.057812500000004, 36.057812500000004) rfs
32 (36.057812500000004, 37.057812500000004) rfs
33 (37.057812500000004, 38.057812500000004) rfs&c
34 (38.057812500000004, 39.057812500000004) rfs&c
35 (39.057812500000004, 40.057812500000004) rfs
36 (40.057812500000004, 40.7953125) rfs
37 (41.8753125, 42.8753125) af,rme
38 (42.8753125, 43.8753125) rme&c
39 (43.8753125, 44.8753125) rme&c
40 (44.8753125, 45.2165625) c
41 (46.634062500000006, 47.634062500000006) rme
42 (47.634062500000006, 48.2709375) rme
43 (49.0134375, 50.0134375) rme&c
44 (50.0134375, 51.0134375) rme
45 (51.0134375, 52.0134375) rme&c
46 (52.0134375, 53.0134375) rms
47 (53.0134375, 54.0134375) rms
48 (54.0134375, 55.0134375) rms
49 (55.0134375, 56.0134375) rms
50 (56.0134375, 57.0134375) rms
51 (57.0134375, 58.0134375) rms&af
52 (58.0134375, 59.0134375) rms
53 (59.0134375, 59.425312500000004) rms
54 (60.572812500000005, 61.572812500000005) c
55 (61.572812500000005, 62.4290625) c
56 (62.699062500000004, 63.699062500000004) c
57 (63.699062500000004, 64.4709375) c
58 (65.04468750000001, 66.04468750000001) c
59 (66.04468750000001, 67.04468750000001) c
60 (67.04468750000001, 68.04468750000001) c
61 (68.04468750000001, 69.04468750000001) c
62 (69.04468750000001, 70.04468750000001) c
63 (70.04468750000001, 71.04468750000001) c
64 (71.04468750000001, 72.04468750000001) c
65 (72.04468750000001, 73.04468750000001) c
66 (73.04468750000001, 74.04468750000001) c
67 (74.04468750000001, 74.8153125) c
68 (75.6590625, 76.6590625) c
69 (76.6590625, 77.1946875) c
70 (79.0340625, 79.8440625) c
71 (80.7215625, 81.7215625) c
72 (81.7215625, 82.7215625) c
73 (82.7215625, 82.8984375) -
74 (85.1934375, 86.1934375) c
75 (86.1934375, 86.4590625) c
76 (87.7753125, 88.7753125) c
77 (88.7753125, 89.7753125) c
78 (89.7753125, 89.8340625) c
79 (91.1334375, 91.99406250000001) c
80 (97.52906250000001, 98.52906250000001) c
81 (98.52906250000001, 99.52906250000001) c
82 (99.52906250000001, 100.52906250000001) c
83 (100.52906250000001, 101.2246875) c
84 (102.4396875, 103.4396875) c
85 (103.4396875, 104.4396875) c
86 (104.4396875, 105.35906250000001) c
87 (107.41781250000001, 108.41781250000001) c
88 (108.41781250000001, 109.41781250000001) c
89 (109.41781250000001, 110.41781250000001) c
90 (110.41781250000001, 111.2821875) c
91 (111.83906250000001, 112.83906250000001) c
92 (112.83906250000001, 113.83906250000001) c
93 (113.83906250000001, 114.83906250000001) c
94 (114.83906250000001, 115.83906250000001) c
95 (115.83906250000001, 116.83906250000001) c&af
96 (116.83906250000001, 117.35718750000001) c,af
97 (118.85906250000001, 119.85906250000001) c
98 (119.85906250000001, 120.85906250000001) c
99 (120.85906250000001, 121.85906250000001) c
100 (121.85906250000001, 122.65593750000001) c
101 (124.07343750000001, 124.5628125) c
102 (124.7821875, 125.7821875) af
103 (125.7821875, 126.7821875) af
104 (126.7821875, 126.99281250000001) -
105 (127.26281250000001, 128.2628125) af
106 (128.2628125, 129.2628125) af
107 (129.2628125, 130.2628125) af
108 (130.2628125, 131.2628125) af
109 (131.2628125, 132.2628125) af
110 (132.2628125, 133.2628125) af&c
111 (133.2628125, 134.2628125) c
112 (134.2628125, 135.2628125) af
113 (135.2628125, 136.2628125) af
114 (136.2628125, 136.5778125) af
115 (139.86843750000003, 140.5265625) c
116 (148.4915625, 149.4915625) af
117 (149.4915625, 150.34781250000003) af,c
118 (156.0853125, 157.0853125) af
119 (157.0853125, 158.0853125) af
120 (158.0853125, 159.0853125) af
121 (159.0853125, 160.0853125) af
122 (160.0853125, 160.11843750000003) -
123 (164.5396875, 165.5396875) c
124 (165.5396875, 166.5396875) c
125 (166.5396875, 167.5396875) af,c
126 (167.5396875, 168.5396875) c
127 (168.5396875, 169.5396875) c
128 (169.5396875, 170.5396875) c,af
129 (170.5396875, 171.5396875) af
130 (171.5396875, 172.5396875) af
131 (172.5396875, 173.5396875) af
132 (173.5396875, 174.5396875) af
133 (174.5396875, 175.5396875) af
134 (175.5396875, 176.4534375) af
135 (176.60531250000003, 176.9428125) c
136 (177.76968750000003, 178.3434375) af
137 (178.6978125, 179.6765625) c
138 (181.0265625, 182.0265625) c
139 (182.0265625, 182.8490625) c
140 (183.35531250000003, 184.35531250000003) c
141 (184.35531250000003, 185.35531250000003) c
142 (185.35531250000003, 186.35531250000003) c,af
143 (186.35531250000003, 187.1015625) af,c
144 (191.30343750000003, 192.30343750000003) af
145 (192.30343750000003, 192.67031250000002) af
146 (196.92281250000002, 197.92281250000002) c
147 (197.92281250000002, 197.9690625) -
148 (200.1796875, 200.51718750000003) c
149 (203.57156250000003, 204.2296875) af
150 (207.92531250000002, 208.92531250000002) c
151 (208.92531250000002, 209.92531250000002) c,af
152 (209.92531250000002, 210.92531250000002) af
153 (210.92531250000002, 211.92531250000002) c
154 (211.92531250000002, 212.92531250000002) c
155 (212.92531250000002, 213.92531250000002) c
156 (213.92531250000002, 214.92531250000002) c
157 (214.92531250000002, 215.92531250000002) c
158 (215.92531250000002, 216.2109375) c
159 (216.58218750000003, 216.9871875) c
160 (217.7971875, 218.7971875) c
161 (218.7971875, 219.7971875) c
162 (219.7971875, 220.7971875) c
163 (220.7971875, 221.7971875) c
164 (221.7971875, 222.1509375) c
165 (224.98593750000003, 225.98593750000003) c
166 (225.98593750000003, 226.5553125) c
167 (228.1921875, 229.1921875) c
168 (229.1921875, 229.69406250000003) c
169 (234.75656250000003, 235.75656250000003) c
170 (235.75656250000003, 236.75656250000003) c,af
171 (236.75656250000003, 237.75656250000003) af
172 (237.75656250000003, 238.19906250000003) af
173 (239.17781250000002, 239.98781250000002) c
174 (240.24093750000003, 241.21968750000002) af
175 (242.45156250000002, 243.45156250000002) c
176 (243.45156250000002, 243.51468750000004) c
177 (243.9534375, 244.56093750000002) af
178 (245.7084375, 246.4846875) c
179 (248.77968750000002, 249.77968750000002) c
180 (249.77968750000002, 250.77968750000002) af
181 (250.77968750000002, 251.77968750000002) af,c
182 (251.77968750000002, 252.77968750000002) c,af
183 (252.77968750000002, 253.77968750000002) af
184 (253.77968750000002, 254.77968750000002) af
185 (254.77968750000002, 255.68156250000004) af
186 (274.7503125, 275.7503125) af
187 (275.7503125, 276.7503125) af
188 (276.7503125, 277.26468750000004) af
189 (278.53031250000004, 279.53031250000004) c
190 (279.53031250000004, 280.53031250000004) c
191 (280.53031250000004, 281.3990625) af
192 (284.95968750000003, 285.46593750000005) af
193 (293.8528125, 294.8528125) c
194 (294.8528125, 295.8528125) c
195 (295.8528125, 296.8528125) c,af
196 (296.8528125, 297.8528125) af
197 (297.8528125, 298.8528125) af
198 (298.8528125, 299.8528125) c,af
199 (299.8528125, 300.8528125) af
200 (300.8528125, 301.8528125) c
201 (301.8528125, 302.8528125) af
202 (302.8528125, 303.15093750000005) af
