0 (0.0084375, 1.0084375) c&rms
1 (1.0084375, 2.0084375000000003) c&rms
2 (2.0084375000000003, 3.0084375000000003) c&rms
3 (3.0084375000000003, 4.0084375) -
4 (4.0084375, 4.9528125) rms,c
5 (5.290312500000001, 6.290312500000001) rms
6 (6.290312500000001, 7.290312500000001) c&rms
7 (7.290312500000001, 8.2903125) rfs,c
8 (8.2903125, 9.2903125) rfs&c
9 (9.2903125, 10.2903125) rfs&c
10 (10.2903125, 11.2903125) rfs&c
11 (11.2903125, 12.2903125) rme
12 (12.2903125, 13.2903125) rme
13 (13.2903125, 13.879687500000003) rme
14 (14.6559375, 15.6559375) rme&c
15 (15.6559375, 16.6559375) rme&c
16 (16.6559375, 16.7146875) -
17 (20.6634375, 21.6634375) rfs
18 (21.6634375, 22.6634375) rfs&am
19 (22.6634375, 23.6634375) rfs&am
20 (23.6634375, 24.6634375) rfs&c&rme
21 (24.6634375, 25.6634375) am,rme
22 (25.6634375, 26.6634375) rme
23 (26.6634375, 27.497812500000002) rme
24 (35.9521875, 36.9521875) am&c
25 (36.9521875, 37.9521875) am&c
26 (37.9521875, 38.5003125) am
27 (39.057187500000005, 40.057187500000005) am
28 (40.057187500000005, 41.057187500000005) am,c
29 (41.057187500000005, 42.057187500000005) c,am
30 (42.057187500000005, 43.057187500000005) c
31 (43.057187500000005, 43.1071875) -
32 (43.4446875, 44.4446875) am
33 (44.4446875, 44.541562500000005) -
34 (47.055937500000006, 48.055937500000006) am
35 (48.055937500000006, 49.055937500000006) am
36 (49.055937500000006, 50.055937500000006) am&c
37 (50.055937500000006, 51.055937500000006) am&c
38 (51.055937500000006, 52.055937500000006) am&c
39 (52.055937500000006, 53.055937500000006) am
40 (53.055937500000006, 54.055937500000006) am
41 (54.055937500000006, 54.126562500000006) -
42 (57.2315625, 58.2315625) c
43 (58.2315625, 58.767187500000006) c
44 (62.0915625, 63.0915625) rms
45 (63.0915625, 64.09156250000001) rms
46 (64.09156250000001, 65.09156250000001) rms
47 (65.09156250000001, 66.09156250000001) rms
48 (66.09156250000001, 67.09156250000001) rms&am
49 (67.09156250000001, 68.09156250000001) rms
50 (68.09156250000001, 69.09156250000001) rms
51 (69.09156250000001, 69.28031250000001) rms
52 (70.4615625, 71.4615625) rme
53 (71.4615625, 72.1153125) rme
54 (72.85781250000001, 73.85781250000001) rme
55 (73.85781250000001, 74.85781250000001) rme
56 (74.85781250000001, 75.5240625) rme
57 (76.9078125, 77.9078125) am
58 (77.9078125, 78.9078125) am&c
59 (78.9078125, 79.9078125) am
60 (79.9078125, 80.9078125) am
61 (80.9078125, 81.1265625) am
62 (82.6284375, 83.35406250000001) c
63 (85.1428125, 86.1428125) am
64 (86.1428125, 87.1428125) am
65 (87.1428125, 88.1428125) am
66 (88.1428125, 88.9734375) c
67 (93.3946875, 94.3946875) am
68 (94.3946875, 95.3946875) am
69 (95.3946875, 96.3946875) am
70 (96.3946875, 97.0059375) am&c
71 (100.4146875, 101.4146875) am&c
72 (101.4146875, 102.4146875) am&c
73 (102.4146875, 102.4396875) -
74 (108.1434375, 109.1434375) am&c
75 (109.1434375, 110.1434375) am
76 (110.1434375, 111.1434375) am
77 (111.1434375, 112.1434375) am&c
78 (112.1434375, 113.08781250000001) am
79 (117.50906250000001, 118.50906250000001) am
80 (118.50906250000001, 119.50906250000001) am
81 (119.50906250000001, 120.50906250000001) am&c
82 (120.50906250000001, 121.10343750000001) am&c
83 (124.5796875, 125.5796875) am
84 (125.5796875, 126.03093750000001) am
85 (127.19531250000001, 128.1953125) am&c
86 (128.1953125, 129.1953125) am
87 (129.1953125, 130.1953125) am
88 (130.1953125, 131.1953125) am&c
89 (131.1953125, 132.1953125) am&c
90 (132.1953125, 132.7471875) am
91 (134.35031250000003, 135.35031250000003) am
92 (135.35031250000003, 136.35031250000003) am&c
93 (136.35031250000003, 137.35031250000003) am
94 (137.35031250000003, 138.0965625) am&c
95 (138.63656250000003, 139.63656250000003) am&c
96 (139.63656250000003, 140.5265625) am&c
97 (142.2478125, 143.2478125) am
98 (143.2478125, 144.2478125) am
99 (144.2478125, 145.2478125) am
100 (145.2478125, 146.2478125) am
101 (146.2478125, 147.2478125) am
102 (147.2478125, 147.7321875) -
103 (151.42781250000002, 152.42781250000002) am
104 (152.42781250000002, 152.84531250000003) am
105 (154.04343749999998, 155.04343749999998) am
106 (155.04343749999998, 155.05593750000003) -
