0 (0.19406250000000003, 1.1940625) am&c
1 (1.1940625, 1.4090625) am
2 (1.7803125, 2.7803125) c&am
3 (2.7803125, 3.7803125) am&c
4 (3.7803125, 4.7803125) am
5 (4.7803125, 4.919062500000001) am
6 (5.475937500000001, 5.999062500000001) c
7 (14.639062500000001, 15.639062500000001) am&af
8 (15.639062500000001, 16.6390625) af&c
9 (16.6390625, 17.6390625) af
10 (17.6390625, 18.6390625) af&c
11 (18.6390625, 19.6390625) af&c
12 (19.6390625, 20.6390625) af
13 (20.6390625, 21.6390625) af&am
14 (21.6390625, 22.6390625) af
15 (22.6390625, 23.6390625) af
16 (23.6390625, 24.6390625) af
17 (24.6390625, 25.6390625) c
18 (25.6390625, 26.6390625) c&af
19 (26.6390625, 27.6390625) af&c
20 (27.6390625, 28.6390625) c
21 (28.6390625, 29.6390625) c
22 (29.6390625, 30.332812500000003) c
23 (30.822187500000002, 31.822187500000002) am
24 (31.822187500000002, 32.8221875) am
25 (32.8221875, 33.1846875) am
26 (33.8428125, 34.1803125) am&c
27 (34.3321875, 35.3321875) c
28 (35.3321875, 36.2728125) c
29 (37.9265625, 38.9265625) c
30 (38.9265625, 39.9265625) af
31 (39.9265625, 40.9265625) af
32 (40.9265625, 41.369062500000005) c
33 (41.5040625, 42.330937500000005) c
34 (42.8371875, 43.8371875) am&af&c
35 (43.8371875, 44.119687500000005) c
36 (45.7734375, 46.7734375) am&c
37 (46.7734375, 47.2584375) c
38 (48.0684375, 49.0684375) c
39 (49.0684375, 50.0684375) c
40 (50.0684375, 51.0684375) am,c
41 (51.0684375, 52.0684375) c
42 (52.0684375, 53.0684375) c
43 (53.0684375, 54.0684375) c&am&af
44 (54.0684375, 55.0684375) af&c
45 (55.0684375, 56.0684375) af&c
46 (56.0684375, 57.0684375) am&af&c
47 (57.0684375, 58.0684375) am&c
48 (58.0684375, 58.125937500000006) rr
49 (58.564687500000005, 59.564687500000005) c&am
50 (59.564687500000005, 60.564687500000005) am,af
51 (60.564687500000005, 61.564687500000005) af
52 (61.564687500000005, 62.564687500000005) af,am&c
53 (62.564687500000005, 63.564687500000005) c,am&af
54 (63.564687500000005, 64.5646875) af,c&am
55 (64.5646875, 65.5646875) c,am
56 (65.5646875, 66.3609375) am
57 (67.0190625, 68.0190625) c
58 (68.0190625, 69.0190625) c&am
59 (69.0190625, 70.0190625) c,am&af
60 (70.0190625, 71.0190625) c
61 (71.0190625, 71.59218750000001) c
62 (72.1321875, 73.1321875) c
63 (73.1321875, 74.1321875) c
64 (74.1321875, 75.1321875) c
65 (75.1321875, 75.5071875) c
66 (76.0471875, 77.0471875) c&af
67 (77.0471875, 77.3128125) af
68 (77.7684375, 78.7684375) am,c
69 (78.7684375, 79.7684375) c
70 (79.7684375, 80.7684375) c,am
71 (80.7684375, 81.29531250000001) am
72 (82.5946875, 83.5946875) af,c
73 (83.5946875, 84.1640625) c&af
74 (84.45093750000001, 84.7378125) af
75 (85.1259375, 85.91906250000001) af
76 (86.2565625, 87.2565625) af
77 (87.2565625, 88.2565625) af
78 (88.2565625, 89.2565625) af
79 (89.2565625, 90.2565625) af&c
80 (90.2565625, 90.98156250000001) af&c
81 (91.2515625, 92.2515625) af&c
82 (92.2515625, 92.7534375) af&c
83 (93.1415625, 94.1415625) af
84 (94.1415625, 95.1415625) af
85 (95.1415625, 96.1415625) af
86 (96.1415625, 97.1415625) af&c
87 (97.1415625, 97.5965625) c
88 (98.2040625, 99.2040625) af
89 (99.2040625, 100.2040625) af&c
90 (100.2040625, 101.2040625) af
91 (101.2040625, 102.2040625) af,c
92 (102.2040625, 103.2040625) af,c
93 (103.2040625, 104.2040625) c
94 (104.2040625, 105.2040625) c
95 (105.2040625, 106.2040625) c
96 (106.2040625, 107.2040625) c
97 (107.2040625, 108.2040625) c
98 (108.2040625, 109.2040625) af
99 (109.2040625, 110.2040625) af
100 (110.2040625, 111.2040625) c&am
101 (111.2040625, 112.2040625) am&af&c
102 (112.2040625, 113.2040625) c,am
103 (113.2040625, 113.49281250000001) am
