0 (0.7003125, 1.7003125) af
1 (1.7003125, 2.7003125) af
2 (2.7003125, 3.7003125) c
3 (3.7003125, 4.4803125) c
4 (9.306562500000002, 10.306562500000002) af
5 (10.306562500000002, 11.306562500000002) af
6 (11.306562500000002, 11.719687500000003) -
7 (11.8715625, 12.8715625) af
8 (12.8715625, 13.8715625) af
9 (13.8715625, 14.8715625) af
10 (14.8715625, 15.8715625) af
11 (15.8715625, 16.8715625) af
12 (16.8715625, 16.9340625) -
13 (17.1028125, 18.1028125) c
14 (18.1028125, 19.1028125) c,af
15 (19.1028125, 20.1028125) af
16 (20.1028125, 21.1028125) af
17 (21.1028125, 22.1028125) af
18 (22.1028125, 23.1028125) c
19 (23.1028125, 24.1028125) c,af
20 (24.1028125, 25.1028125) af
21 (25.1028125, 26.1028125) af
22 (26.1028125, 27.1028125) af
23 (27.1028125, 28.1028125) af
24 (28.1028125, 28.4765625) -
25 (28.6115625, 29.6115625) c,af
26 (29.6115625, 29.8771875) af
27 (30.501562500000002, 31.501562500000002) c
28 (31.501562500000002, 31.699687500000003) c
29 (33.5221875, 34.5221875) c,af
30 (34.5221875, 35.5221875) af&c
31 (35.5221875, 36.5221875) af
32 (36.5221875, 36.627187500000005) -
33 (38.331562500000004, 39.331562500000004) c
34 (39.331562500000004, 39.8840625) c
35 (43.5459375, 44.5459375) af
36 (44.5459375, 45.5459375) af
37 (45.5459375, 45.8578125) -
38 (46.448437500000004, 46.8365625) af
39 (52.1015625, 53.0296875) c
40 (54.042187500000004, 55.042187500000004) c
41 (55.042187500000004, 56.042187500000004) c
42 (56.042187500000004, 57.042187500000004) c,af
43 (57.042187500000004, 58.042187500000004) af&c
44 (58.042187500000004, 58.22718750000001) -
45 (63.8971875, 64.8971875) c,af
46 (64.8971875, 65.8971875) af
47 (65.8971875, 66.8971875) af
48 (66.8971875, 67.8971875) af
49 (67.8971875, 68.8971875) af
50 (68.8971875, 69.8971875) af&c
51 (69.8971875, 70.8971875) c&af
52 (70.8971875, 71.8971875) c&af
53 (71.8971875, 72.8971875) c&af
54 (72.8971875, 73.8971875) af
55 (73.8971875, 74.2246875) -
56 (74.56218750000001, 75.56218750000001) af
57 (75.56218750000001, 76.56218750000001) af
58 (76.56218750000001, 77.56218750000001) af
59 (77.56218750000001, 78.56218750000001) af
60 (78.56218750000001, 79.56218750000001) af
61 (79.56218750000001, 80.56218750000001) af
62 (80.56218750000001, 81.56218750000001) af
63 (81.56218750000001, 82.56218750000001) af
64 (82.56218750000001, 83.56218750000001) af
65 (83.56218750000001, 84.3159375) af
66 (85.95281250000001, 86.95281250000001) af
67 (86.95281250000001, 87.95281250000001) af
68 (87.95281250000001, 88.95281250000001) af
69 (88.95281250000001, 89.95281250000001) af
70 (89.95281250000001, 90.9140625) af
71 (91.3528125, 92.3528125) af
72 (92.3528125, 93.3528125) af
73 (93.3528125, 93.3609375) -
74 (95.2509375, 96.2509375) af
75 (96.2509375, 97.2509375) af
76 (97.2509375, 98.2509375) af
77 (98.2509375, 99.2509375) af
78 (99.2509375, 100.2509375) af
79 (100.2509375, 100.71843750000001) c
80 (102.5240625, 103.5240625) c
81 (103.5240625, 104.5240625) c
82 (104.5240625, 105.5240625) c
83 (105.5240625, 106.5240625) c
84 (106.5240625, 107.5240625) c
85 (107.5240625, 107.5865625) -
86 (110.9109375, 111.9109375) af
87 (111.9109375, 112.9109375) af
88 (112.9109375, 113.9109375) af
89 (113.9109375, 114.9109375) af
90 (114.9109375, 115.63593750000001) af
91 (116.2265625, 116.6315625) af
92 (118.4540625, 119.4540625) c
93 (119.4540625, 120.4540625) c&af
94 (120.4540625, 121.4540625) c&af
95 (121.4540625, 121.52531250000001) -
96 (123.82031250000001, 124.82031250000001) c
97 (124.82031250000001, 125.82031250000001) c&af
98 (125.82031250000001, 126.82031250000001) af,c
99 (126.82031250000001, 127.66781250000001) c
100 (129.0178125, 129.7603125) c
