0 (0.4978125, 1.3584375) c
1 (1.6453125000000002, 2.6453125) af
2 (2.6453125, 3.6453125) af
3 (3.6453125, 4.6453125) af
4 (4.6453125, 5.6453125) af
5 (5.6453125, 6.522187500000001) af
6 (7.450312500000001, 8.4503125) af
7 (8.4503125, 9.4503125) af
8 (9.4503125, 10.4503125) af
9 (10.4503125, 11.4503125) af
10 (11.4503125, 12.040312500000002) af
11 (16.6809375, 17.6809375) af
12 (17.6809375, 18.6809375) c
13 (18.6809375, 19.3809375) c
14 (19.5159375, 20.5159375) af
15 (20.5159375, 21.5159375) af
16 (21.5159375, 22.5159375) af
17 (22.5159375, 22.7390625) -
18 (26.1646875, 27.1646875) af
19 (27.1646875, 28.1646875) af
20 (28.1646875, 28.5103125) af
21 (35.4290625, 35.9859375) af
22 (37.6734375, 38.432812500000004) af
23 (41.3353125, 42.3353125) af
24 (42.3353125, 43.3353125) af
25 (43.3353125, 44.3353125) af
26 (44.3353125, 45.3353125) af
27 (45.3353125, 46.3353125) af
28 (46.3353125, 47.3353125) af
29 (47.3353125, 48.3353125) af,c
30 (48.3353125, 48.9290625) c
31 (49.4184375, 50.4184375) af
32 (50.4184375, 51.4184375) af
33 (51.4184375, 52.4184375) af
34 (52.4184375, 52.860937500000006) af
35 (54.9534375, 55.9534375) af
36 (55.9534375, 56.9534375) af
37 (56.9534375, 57.9534375) c,af
38 (57.9534375, 58.9534375) af
39 (58.9534375, 59.07093750000001) -
40 (60.75843750000001, 61.534687500000004) af
41 (61.9059375, 62.9059375) af
42 (62.9059375, 63.5934375) af
43 (64.8928125, 65.7871875) af
44 (66.4621875, 67.4621875) c
45 (67.4621875, 67.4746875) -
46 (67.8965625, 68.8965625) af
47 (68.8965625, 69.2971875) af
48 (69.92156250000001, 70.52906250000001) af
49 (74.7815625, 75.7815625) af
50 (75.7815625, 76.7728125) af
51 (81.49781250000001, 82.2403125) af
52 (83.0671875, 83.77593750000001) c
53 (84.0796875, 85.0796875) af
54 (85.0796875, 86.0796875) af
55 (86.0796875, 87.0796875) af,c
56 (87.0796875, 87.60656250000001) c
57 (87.8596875, 88.8596875) af
58 (88.8596875, 88.9903125) -
59 (89.91843750000001, 90.52593750000001) c
60 (90.94781250000001, 91.21781250000001) af
61 (92.63531250000001, 93.09093750000001) af
62 (93.7828125, 94.7828125) c
63 (94.7828125, 95.7828125) af&c
64 (95.7828125, 96.7828125) af&c
65 (96.7828125, 97.7828125) af&c
66 (97.7828125, 98.7828125) af
67 (98.7828125, 98.79468750000001) -
68 (99.2671875, 100.2671875) c,af
69 (100.2671875, 101.0221875) af
