0 (1.1559374999999998, 2.1559375) c
1 (2.1559375, 2.8265625000000005) c
2 (3.8728125, 4.8728125) c
3 (4.8728125, 5.2396875000000005) af
4 (5.4084375, 6.4084375) af
5 (6.4084375, 7.4084375) af
6 (7.4084375, 8.4084375) af,c
7 (8.4084375, 9.4084375) c,af
8 (9.4084375, 10.4084375) af
9 (10.4084375, 11.1290625) af,c
10 (13.052812500000002, 14.052812500000002) af
11 (14.052812500000002, 15.052812500000002) af,c
12 (15.052812500000002, 16.0528125) af,c
13 (16.0528125, 17.0528125) af
14 (17.0528125, 17.5921875) af
15 (21.0515625, 22.0515625) af
16 (22.0515625, 23.0515625) af
17 (23.0515625, 24.0515625) af
18 (24.0515625, 24.7134375) af
19 (25.118437500000002, 26.118437500000002) c
20 (26.118437500000002, 27.118437500000002) c,af
21 (27.118437500000002, 28.118437500000002) af
22 (28.118437500000002, 29.118437500000002) af
23 (29.118437500000002, 30.118437500000002) af
24 (30.118437500000002, 31.118437500000002) c
25 (31.118437500000002, 31.750312500000003) c
26 (32.0709375, 33.0709375) af
27 (33.0709375, 34.0709375) af&c
28 (34.0709375, 34.4840625) af
29 (34.7540625, 35.7540625) af,c
30 (35.7540625, 36.7540625) af&c
31 (36.7540625, 37.7540625) af
32 (37.7540625, 38.7540625) c
33 (38.7540625, 39.7540625) c,af
34 (39.7540625, 40.7540625) af
35 (40.7540625, 40.9303125) -
36 (41.0990625, 42.0990625) af
37 (42.0990625, 43.0990625) af
38 (43.0990625, 44.0990625) af
39 (44.0990625, 45.0990625) af
40 (45.0990625, 46.0990625) c,af
41 (46.0990625, 47.0990625) af
42 (47.0990625, 47.4271875) af
43 (47.9671875, 48.9671875) c
44 (48.9671875, 49.9671875) af,c
45 (49.9671875, 50.447812500000005) c
46 (50.7346875, 50.9371875) af
47 (51.392812500000005, 51.7640625) af
48 (52.6246875, 53.1140625) af
49 (54.3965625, 55.3965625) c&af
50 (55.3965625, 56.3965625) af&c
51 (56.3965625, 57.3965625) af&c
52 (57.3965625, 58.3965625) af&c
53 (58.3965625, 58.75031250000001) c
54 (59.307187500000005, 60.307187500000005) c,af
55 (60.307187500000005, 61.079062500000006) af
56 (62.12531250000001, 63.12531250000001) af&c
57 (63.12531250000001, 64.1253125) af,c
58 (64.1253125, 65.1253125) af&c
59 (65.1253125, 65.4159375) af
60 (66.3440625, 67.3440625) af
61 (67.3440625, 68.3440625) af&c
62 (68.3440625, 69.3440625) c
63 (69.3440625, 70.3440625) c&af
64 (70.3440625, 70.4109375) -
65 (70.8496875, 71.17031250000001) c
66 (71.57531250000001, 72.0478125) c
67 (72.23343750000001, 73.2121875) af
68 (73.8196875, 74.8196875) af,c
69 (74.8196875, 75.8196875) af&c
70 (75.8196875, 76.8196875) af
71 (76.8196875, 77.4478125) af
72 (78.0215625, 79.0215625) af,c
73 (79.0215625, 79.4896875) c
74 (81.5484375, 82.5484375) af
75 (82.5484375, 83.5484375) af,c
76 (83.5484375, 84.5484375) c&af
77 (84.5484375, 85.5484375) af&c
78 (85.5484375, 85.90218750000001) c
79 (87.62343750000001, 88.62343750000001) c
80 (88.62343750000001, 89.62343750000001) c
81 (89.62343750000001, 90.62343750000001) af&c
82 (90.62343750000001, 91.62343750000001) af
83 (91.62343750000001, 92.62343750000001) af,c
84 (92.62343750000001, 93.62343750000001) c,af
85 (93.62343750000001, 94.62343750000001) af
86 (94.62343750000001, 94.99781250000001) -
87 (95.1496875, 96.1496875) c
88 (96.1496875, 97.1496875) c
89 (97.1496875, 98.1496875) af
90 (98.1496875, 99.1496875) af
91 (99.1496875, 100.1496875) c
92 (100.1496875, 101.1496875) c&af
93 (101.1496875, 102.1496875) af&c
94 (102.1496875, 103.1496875) af&c
95 (103.1496875, 104.1496875) af
96 (104.1496875, 104.93718750000001) af
