0 (0.0084375, 1.0084375) c&rms
1 (1.0084375, 2.0084375000000003) c&rms
2 (2.0084375000000003, 3.0084375000000003) c&rms
3 (3.0084375000000003, 4.0084375) c&rms
4 (4.0084375, 4.9021875) rms,c
5 (5.290312500000001, 6.290312500000001) rms
6 (6.290312500000001, 7.290312500000001) rms&c
7 (7.290312500000001, 8.2903125) rfs,c
8 (8.2903125, 9.2903125) rfs&c
9 (9.2903125, 10.2903125) rfs,c
10 (10.2903125, 11.2903125) rfs&c
11 (11.2903125, 12.2903125) rme
12 (12.2903125, 13.2903125) rme
13 (13.2903125, 13.930312500000003) rme
14 (14.672812500000003, 15.672812500000003) rme&c
15 (15.672812500000003, 16.672812500000003) rme&c
16 (16.672812500000003, 16.7315625) -
17 (20.6634375, 21.6634375) rfs
18 (21.6634375, 22.6634375) rfs&am
19 (22.6634375, 23.6634375) rfs&am
20 (23.6634375, 24.6634375) rfs,c&rme
21 (24.6634375, 25.6634375) am,rme
22 (25.6634375, 26.6634375) rme
23 (26.6634375, 27.497812500000002) rme
24 (35.9521875, 36.9521875) am&c
25 (36.9521875, 37.9521875) am&c
26 (37.9521875, 38.5171875) am
27 (39.057187500000005, 40.057187500000005) am
28 (40.057187500000005, 41.057187500000005) am,c
29 (41.057187500000005, 42.057187500000005) c,am
30 (42.057187500000005, 43.057187500000005) c
31 (43.057187500000005, 43.0903125) -
32 (43.4615625, 44.4615625) am
33 (44.4615625, 44.5078125) -
34 (47.072812500000005, 48.072812500000005) am
35 (48.072812500000005, 49.072812500000005) am
36 (49.072812500000005, 50.072812500000005) am&c
37 (50.072812500000005, 51.072812500000005) c&am
38 (51.072812500000005, 52.072812500000005) c&am
39 (52.072812500000005, 53.072812500000005) am
40 (53.072812500000005, 54.072812500000005) am
41 (54.072812500000005, 54.1940625) -
42 (57.2484375, 58.2484375) c
43 (58.2484375, 58.784062500000005) c
44 (62.1084375, 63.1084375) rms
45 (63.1084375, 64.10843750000001) rms
46 (64.10843750000001, 65.10843750000001) rms
47 (65.10843750000001, 66.10843750000001) rms
48 (66.10843750000001, 67.10843750000001) rms&am
49 (67.10843750000001, 68.10843750000001) rms
50 (68.10843750000001, 69.10843750000001) rms
51 (69.10843750000001, 69.28031250000001) rms
52 (70.4615625, 71.4615625) rme
53 (71.4615625, 72.1153125) rme
54 (72.85781250000001, 73.85781250000001) rme
55 (73.85781250000001, 74.85781250000001) rme
56 (74.85781250000001, 75.5409375) rme
57 (76.9078125, 77.9078125) am
58 (77.9078125, 78.9078125) am,c
59 (78.9078125, 79.9078125) am
60 (79.9078125, 80.9078125) am
61 (80.9078125, 81.1265625) am
62 (82.6284375, 83.37093750000001) c
63 (85.1428125, 86.1428125) am
64 (86.1428125, 87.1428125) am
65 (87.1428125, 88.1428125) am
66 (88.1428125, 89.10843750000001) c
67 (93.3946875, 94.3946875) am
68 (94.3946875, 95.3946875) am
69 (95.3946875, 96.3946875) am
70 (96.3946875, 97.0228125) am
71 (100.3978125, 101.3978125) am&c
72 (101.3978125, 102.3978125) am&c
73 (102.3978125, 102.6590625) c
74 (108.1265625, 109.1265625) am
75 (109.1265625, 110.1265625) am&c
76 (110.1265625, 111.1265625) am
77 (111.1265625, 112.1265625) am&c
78 (112.1265625, 113.08781250000001) am
79 (117.49218750000001, 118.49218750000001) am
80 (118.49218750000001, 119.49218750000001) am&c
81 (119.49218750000001, 120.49218750000001) am&c
82 (120.49218750000001, 121.12031250000001) am&c
83 (124.5796875, 125.5796875) am
84 (125.5796875, 126.03093750000001) am&c
85 (127.19531250000001, 128.1953125) c,am
86 (128.1953125, 129.1953125) am
87 (129.1953125, 130.1953125) am
88 (130.1953125, 131.1953125) am&c
89 (131.1953125, 132.1953125) am&c
90 (132.1953125, 132.7471875) am
91 (134.35031250000003, 135.35031250000003) am
92 (135.35031250000003, 136.35031250000003) am&c
93 (136.35031250000003, 137.35031250000003) am
94 (137.35031250000003, 138.11343750000003) am&c
95 (138.6534375, 139.6534375) am&c
96 (139.6534375, 140.5265625) am&c
97 (142.2478125, 143.2478125) am
98 (143.2478125, 144.2478125) am
99 (144.2478125, 145.2478125) am
100 (145.2478125, 146.2478125) am
101 (146.2478125, 147.2478125) am
102 (147.2478125, 147.5803125) -
103 (151.42781250000002, 152.42781250000002) am
104 (152.42781250000002, 152.8959375) am
105 (154.0265625, 155.0265625) am
106 (155.0265625, 155.19093750000002) -
