0.1	0.6	[2] why
0.64	0.82	[2] it's
0.84	0.92	[2] so
1.06	1.5	[2] important
1.6	1.7	[1] that
1.8	2.0	[2] you
2.04	2.16	[2] get
2.28	2.5	[2] that
2.58	2.92	[2] baby
2.98	3.18	[2] right
3.22	3.72	[2] away
3.78	3.92	[1] right
4.5	4.68	[2] soon
4.7	4.84	[2] as
4.88	5.06	[2] its
5.12	5.4	[2] born
5.44	6.14	[2] andyoi
6.16	6.26	[1] the
6.36	6.84	[1] sanction
6.86	6.94	[1] and
7.08	7.42	[1] pattern
7.44	8.14	[1] recognition
8.22	8.3	[0] are
8.4	8.44	[1] a
8.54	8.82	[1] very
8.92	9.42	[1] interesting
9.52	9.8	[1] area
9.94	10.04	[1] that
10.16	10.24	[2] has
10.36	10.52	[1] been
10.58	10.9	[1] studied
11.04	11.12	[1] and
11.22	11.62	[1] involved
11.8	11.88	[1] for
12.04	12.34	[1] several
12.44	13.8	[0] decades
13.82	14.08	[0] because
14.12	14.3	[0] your
14.34	14.54	[0] time
14.58	14.66	[0] is
14.74	15.12	[0] valuable
15.18	15.28	[0] just
15.32	15.42	[0] like
15.5	15.74	[0] mine
15.86	16.3	[0] so
16.34	16.48	[0] when
16.54	16.58	[0] i
16.74	16.96	[0] find
17.02	17.22	[0] one
17.22	17.38	[0] th
